26
49
210
220
408
423
520
594
618
747
937
941
1073
1114
1259
1307
1389
1413
1682
1698
1908
2073
2081
2114
2251
2473
2486
2573
2586
2745
2914
3122
3370
3403
3447
3451
3483
3500
3502
3505
3566
3585
3691
3949
3963
4047
4262
4361
4456
4457
4583
4599
4603
4604
4692
4751
4766
4906
4911
4954
5231
5320
5386
5486
5515
5517
5549
5569
5636
5686
5766
5801
5827
5883
5884
5967
5976
6026
6124
6197
6203
6268
6551
6640
6695
6698
6779
6828
6877
6884
6890
6925
7072
7143
7163
7273
7485
7530
7534
7568
7666
7887
7904
7935
8043
8192
8198
8303
8337
8424
8550
8554
8650
8709
8810
9067
9126
9129
9152
9218
9389
9534
9620
9777
9788
9822
9949
9954
9972
10028
10063
10235
10294
10305
10358
10403
10549
10691
10741
10854
11012
11028
11040
11130
11145
11167
11204
11210
11233
11246
11296
11430
11435
11449
11501
11531
11599
11631
11694
11714
11740
11790
11919
12035
12176
12267
12270
12414
12419
12426
12604
12613
12760
12805
12847
12968
12984
12996
13100
13214
13473
13513
13561
13615
13703
13706
13712
13804
13831
13854
13971
13973
13983
13984
14164
14234
14260
14346
14372
14374
14453
14547
14590
14619
14635
14654
14661
14674
14722
14770
14875
14880
14974
14989
15001
15114
15228
15249
15251
15272
15283
15395
15418
15425
15530
15561
15591
15595
15632
15686
15703
15734
15737
15802
15868
15914
16031
16050
16188
16202
16205
16269
16292
16481
16531
16685
16728
16756
16789
16806
16963
17052
17069
17126
17144
17196
17200
17206
17239
17264
17428
17461
17465
17504
17535
17570
17728
17829
17846
17955
17991
18023
18103
18187
18236
18550
18683
18784
18843
18891
18958
18984
18985
19002
19036
19075
19079
19103
19109
19209
19227
19371
19388
19495
19562
19565
19594
19607
19626
19640
19641
19656
19665
19705
19794
19825
19871
20048
20107
20148
20335
20394
20476
20665
20718
20988
21064
21071
21103
21189
21240
21342
21463
21592
21640
21653
21734
21855
21861
22083
22112
22163
22187
22263
22349
22379
22526
22546
22572
22601
22648
22697
22724
22761
22933
22938
22941
23023
23042
23196
23289
23419
23443
23477
23515
23593
23631
23669
23766
23775
23778
23925
23978
24044
24167
24194
24276
24295
24337
24369
24381
24428
24449
24471
24599
24686
24697
24705
24732
24782
24813
24875
24912
24996
25040
25045
25053
25152
25185
25199
25256
25304
25358
25446
25449
25454
25456
