14
25
26
28
31
34
37
41
49
51
65
70
74
85
87
102
108
118
120
126
132
133
134
163
169
174
175
181
188
194
208
210
215
220
222
230
240
245
258
259
269
276
279
282
297
304
308
309
313
316
318
342
357
370
373
389
390
392
399
400
407
408
412
421
423
430
434
437
446
452
454
455
465
466
467
472
484
491
495
501
502
506
508
516
520
526
532
544
547
557
559
561
562
571
573
575
578
579
581
585
594
617
618
621
637
642
645
651
658
660
672
674
675
677
678
685
696
708
713
717
720
721
722
726
742
747
750
752
758
766
786
789
795
796
805
808
809
818
822
826
870
875
878
886
888
894
895
902
904
905
906
911
913
919
921
935
937
941
954
959
974
988
1017
1023
1027
1033
1039
1040
1045
1048
1066
1068
1072
1073
1074
1075
1076
1080
1092
1096
1114
1115
1119
1122
1131
1143
1153
1170
1171
1173
1178
1182
1199
1201
1208
1228
1245
1250
1251
1253
1259
1265
1271
1283
1289
1290
1295
1296
1302
1307
1329
1347
1354
1371
1378
1384
1386
1389
1393
1399
1408
1410
1413
1417
1422
1427
1431
1438
1442
1449
1476
1491
1507
1522
1525
1544
1546
1559
1569
1573
1575
1588
1591
1601
1606
1610
1616
1619
1621
1635
1636
1646
1653
1667
1670
1677
1678
1680
1682
1698
1703
1711
1712
1720
1729
1737
1742
1760
1767
1773
1796
1802
1803
1807
1817
1844
1853
1863
1877
1881
1882
1894
1896
1908
1918
1920
1932
1948
1953
1958
1966
2006
2013
2017
2019
2022
2030
2039
2043
2073
2081
2083
2098
2107
2109
2111
2113
2114
2130
2148
2160
2162
2164
2165
2181
2193
2195
2199
2205
2220
2240
2242
2249
2251
2253
2255
2257
2258
2264
2270
2275
2276
2296
2297
2308
2330
2332
2336
2345
2348
2351
2365
2372
2373
2378
2381
2395
2397
2402
2405
2408
2415
2419
2422
2424
2454
2461
2473
2476
2477
2479
2483
2486
2504
2519
2526
2534
2538
2541
2550
2552
2556
2570
2571
2573
2580
2586
2592
2593
2603
2605
2621
2622
2623
2625
2631
2651
2653
2658
2664
2666
2667
2668
2682
2695
2705
2716
2733
2735
2738
2739
2741
2743
2745
2768
2770
2775
2776
2780
2781
2791
2799
2809
2817
2818
2834
2837
2840
2854
2857
2863
2865
2866
2871
2875
2878
2881
2882
2885
2891
2902
2904
2914
2916
2917
2931
2952
2953
2966
2974
2986
2991
3011
3013
3021
3022
3029
3038
3060
3077
3082
3085
3093
3095
3105
3115
3117
3118
3119
3122
3124
3125
3133
3142
3153
3163
3169
3171
3186
3187
3188
3197
3226
3234
3235
3241
3242
3259
3262
3268
3271
3284
3289
3293
3296
3301
3307
3310
3325
3337
3339
3346
3351
3370
3379
3403
3437
3447
3451
3453
3467
3475
3483
3500
3502
3505
3515
3523
3539
3550
3565
3566
3576
3579
3585
3592
3600
3603
3604
3611
3614
3623
3625
3629
3636
3641
3642
3646
3652
3662
3668
3677
3689
3691
3697
3702
3704
3705
3708
3710
3714
3728
3747
3748
3749
3752
3758
3760
3763
3767
3790
3791
3797
3799
3803
3815
3829
3834
3836
3837
3839
3846
3854
3856
3864
3867
3869
3872
3876
3890
3892
3893
3895
3909
3917
3926
3932
3941
3945
3949
3954
3958
3963
3970
3976
3986
3990
4009
4012
4017
4019
4034
4047
4053
4064
4067
4074
4076
4089
4099
4101
4102
4107
4117
4125
4127
4128
4149
4150
4155
4169
4174
4178
4187
4203
4222
4225
4226
4234
4247
4249
4261
4262
4274
4282
4299
4302
4360
4361
4385
4393
4416
4417
4427
4431
4432
4433
4452
4456
4457
4462
4480
4485
4487
4506
4513
4520
4528
4533
4549
4551
4559
4562
4565
4566
4580
4583
4586
4587
4590
4591
4599
4601
4603
4604
4618
4627
4636
4640
4644
4648
4649
4669
4676
4687
4692
4694
4698
4704
4707
4711
4714
4719
4724
4728
4738
4746
4747
4751
4756
4766
4770
4779
4791
4796
4797
4808
4809
4812
4826
4827
4830
4831
4835
4839
4852
4853
4856
4873
4876
4877
4885
4886
4890
4893
4894
4905
4906
4911
4912
4928
4939
4943
4948
4954
4958
4970
4973
4982
4987
5011
5013
5014
5038
5046
5049
5055
5064
5070
5072
5078
5090
5098
5102
5119
5124
5126
5147
5153
5155
5178
5182
5186
5188
5192
5206
5210
5212
5216
5231
5232
5264
5279
5317
5320
5327
5338
5339
5357
5366
5368
5369
5386
5389
5397
5410
5415
5420
5424
5438
5445
5447
5463
5464
5465
5467
5472
5474
5481
5486
5490
5492
5494
5513
5515
5517
5519
5527
5528
5549
5552
5557
5563
5564
5569
5571
5576
5578
5580
5599
5600
5604
5619
5621
5623
5625
5629
5635
5636
5641
5642
5657
5686
5719
5722
5723
5736
5739
5743
5744
5760
5766
5769
5793
5801
5804
5806
5813
5821
5827
5838
5841
5846
5855
5879
5883
5884
5886
5887
5904
5920
5921
5941
5950
5952
5955
5957
5963
5967
5969
5976
5985
5990
5993
5995
5999
6000
6004
6009
6012
6026
6027
6042
6046
6049
6050
6059
6061
6063
6067
6080
6082
6092
6115
6120
6124
6130
6133
6136
6139
6141
6157
6162
6169
6177
6181
6186
6188
6197
6203
6204
6215
6220
6221
6227
6249
6263
6268
6271
6272
6277
6281
6284
6286
6289
6299
6301
6314
6316
6354
6361
6367
6368
6373
6390
6396
6397
6398
6399
6409
6413
6420
6435
6442
6446
6455
6457
6459
6467
6480
6483
6493
6501
6507
6511
6519
6525
6541
6549
6551
6557
6562
6569
6591
6593
6616
6623
6627
6637
6639
6640
6642
6645
6646
6655
6657
6663
6664
6678
6687
6688
6693
6695
6698
6699
6722
6730
6739
6747
6748
6760
6763
6770
6779
6781
6784
6785
6786
6799
6812
6826
6828
6829
6847
6866
6867
6869
6870
6877
6884
6890
6891
6910
6913
6925
6927
6930
6937
6947
6962
6971
6990
6991
6997
7000
7004
7028
7034
7036
7038
7040
7044
7061
7072
7083
7090
7094
7103
7105
7120
7142
7143
7163
7165
7167
7172
7173
7187
7193
7196
7204
7205
7210
7211
7236
7240
7244
7266
7272
7273
7275
7293
7301
7305
7311
7315
7319
7321
7337
7339
7341
7358
7360
7369
7377
7397
7399
7401
7420
7429
7440
7445
7449
7470
7471
7474
7476
7485
7491
7492
7494
7514
7515
7525
7529
7530
7533
7534
7538
7544
7554
7558
7563
7568
7571
7580
7598
7599
7609
7626
7627
7629
7630
7634
7635
7641
7648
7652
7655
7657
7666
7669
7674
7684
7694
7699
7705
7706
7711
7714
7724
7726
7738
7756
7765
7777
7780
7807
7810
7816
7821
7834
7841
7851
7863
7866
7880
7881
7887
7892
7902
7903
7904
7908
7928
7935
7937
7939
7941
7943
7960
7970
7986
7987
7991
7993
8020
8031
8035
8043
8044
8046
8066
8079
8088
8100
8107
8111
8113
8131
8132
8138
8147
8149
8151
8156
8160
8162
8171
8181
8183
8192
8197
8198
8199
8206
8207
8220
8223
8229
8235
8236
8239
8240
8257
8266
8267
8278
8279
8280
8287
8289
8296
8298
8300
8303
8315
8322
8337
8355
8364
8366
8368
8369
8373
8379
8386
8390
8401
8424
8425
8432
8441
8453
8454
8464
8475
8477
8487
8497
8511
8524
8526
8538
8540
8545
8550
8552
8554
8567
8574
8575
8590
8595
8600
8608
8611
8615
8620
8631
8650
8655
8656
8658
8666
8672
8677
8680
8682
8686
8687
8689
8698
8709
8711
8717
8720
8722
8729
8730
8731
8733
8737
8756
8771
8780
8781
8784
8791
8805
8809
8810
8820
8829
8831
8839
8868
8876
8893
8895
8902
8903
8911
8912
8915
8922
8935
8990
8992
8998
9002
9011
9014
9015
9032
9034
9037
9045
9048
9067
9069
9071
9083
9088
9090
9106
9111
9112
9116
9125
9126
9129
9140
9145
9152
9154
9155
9160
9168
9173
9183
9200
9212
9216
9218
9220
9224
9227
9238
9250
9251
9262
9278
9279
9292
9293
9295
9300
9306
9319
9321
9324
9331
9341
9350
9355
9382
9384
9385
9387
9389
9391
9392
9403
9414
9461
9472
9473
9485
9488
9493
9506
9534
9542
9543
9570
9571
9579
9583
9588
9592
9594
9597
9598
9610
9620
9626
9628
9653
9668
9678
9683
9695
9697
9702
9716
9742
9744
9749
9750
9755
9761
9765
9770
9774
9777
9784
9788
9793
9797
9816
9820
9822
9830
9833
9834
9850
9855
9860
9863
9880
9891
9904
9905
9910
9926
9935
9944
9945
9949
9954
9957
9963
9968
9971
9972
9981
9982
9987
10002
10007
10014
10015
10028
10031
10048
10049
10055
10060
10063
10069
10076
10081
10092
10105
10114
10118
10119
10121
10126
10132
10144
10158
10163
10164
10165
10175
10190
10193
10199
10220
10221
10225
10229
10235
10242
10249
10267
10270
10274
10276
10283
10287
10294
10305
10306
10315
10316
10321
10324
10326
10337
10352
10358
10364
10376
10380
10395
10402
10403
10405
10415
10417
10427
10440
10454
10467
10491
10498
10523
10530
10538
10545
10546
10549
10556
10557
10558
10576
10582
10583
10597
10625
10629
10636
10649
10651
10652
10656
10658
10665
10669
10677
10679
10687
10691
10692
10708
10709
10712
10719
10732
10733
10741
10746
10759
10765
10766
10769
10773
10780
10788
10795
10798
10800
10807
10817
10828
10838
10850
10854
10858
10863
10866
10872
10877
10892
10893
10898
10900
10908
10911
10912
10917
10925
10926
10927
10942
10957
10959
10969
10975
10981
10984
10986
11008
11010
11011
11012
11028
11031
11032
11040
11054
11057
11062
11063
11064
11065
11076
11077
11081
11085
11098
11101
11103
11119
11121
11128
11130
11137
11139
11140
11145
11164
11167
11168
11172
11192
11200
11203
11204
11210
11215
11225
11226
11227
11233
11239
11246
11254
11256
11257
11262
11263
11266
11270
11273
11284
11293
11296
11309
11311
11330
11338
11339
11340
11345
11346
11354
11368
11374
11378
11379
11396
11406
11415
11426
11428
11430
11435
11445
11449
11450
11461
11474
11477
11482
11493
11494
11498
11501
11510
11513
11515
11525
11528
11529
11531
11538
11541
11549
11552
11565
11573
11574
11586
11589
11592
11599
11603
11604
11605
11618
11629
11631
11635
11638
11639
11640
11649
11668
11694
11702
11708
11709
11714
11731
11740
11741
11742
11747
11750
11752
11759
11764
11767
11772
11774
11778
11790
11797
11798
11809
11810
11811
11813
11852
11861
11870
11878
11881
11882
11901
11910
11912
11919
11928
11936
11937
11952
11964
11967
11977
11982
11997
12001
12006
12009
12022
12035
12047
12051
12053
12056
12065
12084
12091
12092
12100
12105
12110
12111
12124
12130
12134
12139
12143
12153
12155
12158
12176
12180
12190
12194
12202
12205
12214
12232
12244
12261
12266
12267
12268
12270
12272
12273
12275
12289
12294
12307
12310
12319
12350
12352
12353
12357
12364
12369
12382
12388
12401
12411
12414
12416
12419
12422
12425
12426
12427
12428
12429
12431
12436
12447
12452
12456
12461
12473
12479
12482
12500
12506
12514
12518
12544
12546
12557
12569
12583
12593
12597
12603
12604
12605
12609
12610
12613
12628
12638
12640
12649
12650
12653
12692
12695
12696
12706
12708
12709
12725
12728
12729
12734
12743
12746
12754
12756
12760
12761
12763
12769
12773
12799
12800
12805
12814
12818
12828
12844
12847
12858
12860
12862
12867
12869
12876
12896
12906
12920
12921
12924
12941
12955
12961
12963
12965
12968
12975
12983
12984
12985
12989
12996
12997
13001
13007
13019
13023
13032
13038
13040
13042
13053
13059
13063
13067
13068
13083
13100
13104
13124
13136
13137
13140
13141
13148
13149
13157
13175
13185
13211
13214
13216
13224
13247
13257
13281
13282
13290
13297
13300
13317
13320
13322
13324
13337
13356
13365
13368
13371
13381
13386
13396
13398
13400
13406
13415
13429
13432
13446
13461
13465
13469
13473
13480
13494
13495
13509
13513
13516
13521
13522
13523
13532
13537
13548
13549
13551
13561
13590
13594
13597
13615
13624
13626
13630
13635
13650
13654
13658
13668
13686
13701
13703
13706
13708
13712
13715
13717
13722
13733
13773
13785
13786
13789
13801
13804
13816
13818
13826
13829
13831
13837
13841
13843
13845
13850
13854
13863
13869
13888
13892
13895
13896
13899
13900
13902
13906
13911
13914
13922
13938
13952
13953
13957
13961
13965
13969
13971
13973
13983
13984
13987
13988
13989
13991
13997
14002
14008
14011
14013
14014
14028
14034
14035
14036
14044
14055
14068
14071
14076
14084
14088
14096
14100
14103
14107
14121
14124
14128
14129
14135
14144
14145
14146
14150
14158
14163
14164
14167
14170
14174
14193
14215
14220
14228
14234
14244
14260
14278
14297
14300
14302
14305
14317
14336
14337
14346
14348
14372
14373
14374
14388
14390
14393
14419
14426
14430
14444
14448
14452
14453
14478
14501
14505
14511
14515
14518
14531
14541
14547
14561
14576
14582
14590
14599
14604
14617
14618
14619
14621
14628
14629
14635
14639
14643
14644
14649
14654
14660
14661
14663
14674
14687
14695
14698
14700
14707
14711
14722
14727
14736
14750
14761
14765
14770
14772
14779
14806
14816
14825
14837
14862
14864
14868
14869
14875
14880
14885
14889
14897
14908
14925
14928
14932
14948
14958
14966
14971
14974
14989
14993
15001
15002
15012
15018
15022
15029
15032
15038
15039
15047
15050
15058
15060
15073
15074
15078
15088
15096
15097
15102
15108
15114
15129
15132
15144
15151
15152
15157
15169
15174
15179
15184
15186
15192
15199
15228
15242
15247
15249
15250
15251
15253
15261
15264
15272
15273
15283
15286
15290
15312
15315
15317
15337
15338
15351
15359
15376
15384
15385
15387
15388
15393
15395
15401
15402
15404
15406
15409
15410
15411
15417
15418
15420
15424
15425
15428
15437
15439
15483
15490
15517
15521
15522
15530
15538
15550
15561
15564
15567
15568
15574
15591
15595
15601
15605
15614
15625
15632
15644
15650
15660
15662
15666
15675
15677
15680
15686
15688
15699
15703
15706
15727
15730
15732
15734
15736
15737
15740
15742
15746
15755
15761
15770
15788
15797
15799
15802
15803
15821
15823
15826
15832
15839
15852
15867
15868
15873
15875
15881
15892
15897
15898
15901
15914
15917
15918
15921
15939
15950
15954
15960
15966
15968
15969
15977
15982
15983
15992
15993
16001
16004
16006
16009
16012
16019
16023
16031
16039
16044
16050
16052
16053
16067
16074
16079
16085
16086
16091
16093
16096
16097
16106
16109
16114
16128
16134
16139
16147
16148
16152
16154
16170
16188
16202
16205
16212
16216
16217
16220
16225
16226
16254
16255
16260
16269
16274
16280
16286
16290
16292
16311
16319
16324
16330
16332
16333
16335
16337
16338
16342
16347
16348
16360
16364
16365
16378
16385
16394
16400
16405
16410
16424
16428
16432
16444
16446
16453
16459
16461
16481
16485
16491
16495
16502
16505
16507
16509
16520
16524
16531
16555
16557
16571
16584
16587
16600
16615
16618
16638
16643
16651
16663
16668
16673
16681
16685
16701
16703
16718
16728
16731
16741
16749
16751
16756
16768
16785
16789
16794
16795
16806
16807
16812
16843
16857
16874
16876
16886
16890
16902
16910
16913
16918
16923
16925
16929
16931
16944
16956
16958
16963
16967
16977
16981
16986
16992
17022
17027
17028
17030
17034
17040
17045
17052
17056
17060
17066
17069
17079
17092
17103
17113
17126
17129
17144
17146
17149
17163
17166
17169
17184
17190
17196
17200
17206
17208
17211
17214
17219
17220
17224
17239
17248
17261
17263
17264
17281
17282
17285
17295
17324
17334
17360
17365
17370
17388
17428
17436
17461
17462
17465
17470
17471
17481
17485
17487
17492
17499
17500
17504
17505
17521
17523
17529
17531
17535
17542
17543
17545
17547
17564
17570
17581
17586
17587
17590
17594
17602
17607
17608
17610
17619
17629
17633
17641
17648
17658
17660
17671
17682
17687
17694
17698
17703
17719
17720
17722
17723
17728
17732
17747
17753
17760
17763
17764
17806
17810
17811
17814
17822
17826
17829
17844
17846
17855
17858
17860
17861
17881
17883
17906
17910
17912
17913
17934
17935
17938
17947
17955
17957
17958
17959
17961
17964
17978
17979
17983
17989
17991
17998
18003
18004
18011
18023
18032
18034
18038
18050
18055
18069
18070
18079
18089
18103
18111
18113
18117
18130
18133
18136
18140
18147
18151
18152
18159
18162
18167
18178
18187
18198
18205
18206
18216
18229
18235
18236
18242
18255
18259
18268
18270
18274
18278
18283
18284
18286
18287
18288
18299
18305
18311
18315
18323
18326
18327
18328
18334
18342
18353
18401
18405
18410
18419
18421
18437
18443
18464
18469
18471
18479
18480
18481
18492
18498
18499
18511
18526
18538
18541
18545
18550
18551
18558
18576
18577
18587
18615
18619
18625
18634
18636
18639
18642
18643
18645
18647
18649
18657
18661
18682
18683
18690
18703
18705
18716
18720
18734
18737
18738
18749
18750
18763
18767
18777
18778
18779
18784
18787
18795
18810
18816
18827
18832
18843
18848
18856
18861
18871
18874
18881
18889
18891
18904
18924
18936
18943
18949
18956
18958
18962
18963
18965
18976
18979
18982
18984
18985
19002
19004
19006
19012
19032
19036
19038
19045
19047
19054
19064
19071
19072
19075
19079
19093
19095
19099
19103
19109
19120
19128
19134
19139
19154
19158
19170
19183
19186
19188
19198
19201
19203
19204
19206
19209
19215
19219
19227
19229
19230
19232
19235
19245
19252
19256
19260
19270
19278
19297
19298
19307
19308
19310
19311
19316
19326
19353
19371
19378
19384
19388
19394
19403
19409
19411
19422
19426
19432
19437
19440
19441
19455
19457
19472
19473
19483
19484
19488
19495
19499
19504
19506
19516
19522
19526
19532
19547
19551
19559
19562
19565
19566
19571
19574
19580
19581
19594
19597
19605
19606
19607
19626
19630
19639
19640
19641
19642
19644
19652
19656
19657
19662
19665
19666
19688
19689
19698
19702
19705
19719
19723
19726
19733
19734
19736
19763
19764
19776
19782
19791
19792
19794
19814
19823
19825
19830
19831
19844
19848
19849
19858
19859
19862
19871
19874
19885
19914
19924
19937
19940
19950
19954
19955
19958
19960
19983
19984
19985
19999
20001
20005
20020
20026
20033
20038
20041
20048
20055
20061
20064
20067
20070
20071
20075
20076
20079
20081
20088
20105
20107
20110
20113
20117
20121
20136
20140
20143
20148
20149
20150
20165
20218
20240
20258
20263
20272
20277
20295
20306
20331
20335
20348
20351
20353
20357
20380
20384
20391
20394
20396
20409
20411
20415
20418
20422
20448
20450
20451
20464
20467
20476
20478
20485
20487
20495
20501
20508
20511
20513
20523
20527
20534
20538
20544
20548
20552
20558
20566
20577
20587
20589
20605
20610
20613
20615
20632
20637
20644
20648
20649
20651
20661
20665
20667
20672
20679
20681
20691
20696
20699
20703
20712
20714
20718
20740
20746
20750
20766
20767
20769
20774
20775
20780
20796
20806
20823
20826
20830
20846
20851
20855
20860
20862
20874
20896
20904
20916
20925
20927
20936
20941
20942
20947
20950
20979
20981
20988
20989
21000
21005
21007
21020
21024
21026
21029
21053
21054
21060
21063
21064
21070
21071
21103
21105
21107
21109
21120
21132
21136
21140
21151
21154
21168
21173
21186
21188
21189
21191
21202
21214
21221
21240
21260
21266
21273
21283
21286
21296
21300
21301
21320
21321
21331
21338
21342
21353
21356
21360
21366
21388
21398
21401
21417
21428
21443
21451
21453
21463
21478
21483
21490
21503
21531
21533
21535
21537
21550
21561
21569
21579
21592
21606
21620
21621
21623
21627
21635
21640
21649
21653
21669
21674
21675
21712
21714
21721
21734
21737
21743
21752
21764
21770
21777
21787
21811
21813
21815
21822
21847
21849
21855
21861
21866
21878
21883
21887
21902
21932
21936
21942
21945
21950
21961
21965
21968
21975
21976
21978
21979
21988
21989
21995
22033
22047
22078
22083
22085
22105
22106
22112
22113
22120
22133
22138
22145
22147
22159
22163
22173
22185
22187
22189
22190
22207
22212
22228
22243
22244
22246
22250
22260
22263
22270
22278
22284
22290
22292
22293
22295
22300
22303
22311
22312
22335
22340
22342
22349
22353
22355
22359
22379
22393
22396
22400
22414
22422
22424
22439
22440
22444
22452
22453
22460
22468
22470
22473
22488
22489
22493
22495
22497
22513
22520
22526
22533
22545
22546
22553
22557
22558
22563
22565
22571
22572
22576
22592
22598
22601
22609
22617
22622
22625
22626
22629
22642
22648
22655
22665
22681
22688
22694
22696
22697
22701
22706
22714
22720
22721
22724
22729
22733
22741
22743
22751
22753
22758
22761
22762
22767
22774
22782
22820
22821
22835
22842
22852
22854
22855
22886
22898
22908
22921
22929
22931
22933
22938
22939
22941
22947
22950
22951
22958
22963
22964
22975
22989
22995
22997
23000
23006
23022
23023
23042
23056
23060
23068
23072
23084
23089
23119
23146
23150
23157
23181
23190
23196
23204
23215
23228
23232
23238
23254
23257
23265
23289
23296
23312
23316
23324
23328
23331
23337
23347
23357
23367
23383
23387
23391
23395
23401
23405
23407
23408
23418
23419
23423
23443
23456
23459
23462
23474
23477
23478
23482
23495
23505
23507
23509
23513
23515
23516
23520
23526
23535
23537
23538
23542
23545
23548
23551
23562
23575
23587
23589
23590
23593
23594
23595
23602
23616
23631
23632
23647
23652
23660
23663
23667
23669
23681
23684
23689
23690
23697
23719
23730
23738
23756
23761
23766
23775
23778
23783
23784
23790
23796
23797
23799
23801
23804
23808
23812
23834
23837
23839
23841
23843
23847
23854
23861
23870
23872
23878
23887
23911
23917
23925
23929
23938
23955
23966
23978
23982
23990
23992
23999
24012
24038
24044
24059
24065
24066
24075
24092
24094
24097
24109
24111
24113
24117
24119
24128
24130
24143
24158
24162
24167
24170
24171
24175
24176
24180
24192
24194
24213
24221
24223
24235
24244
24247
24276
24283
24290
24295
24302
24310
24312
24318
24321
24327
24337
24342
24357
24369
24372
24373
24381
24390
24396
24404
24406
24415
24425
24427
24428
24437
24445
24449
24453
24463
24471
24473
24475
24478
24503
24544
24545
24546
24557
24559
24572
24573
24577
24579
24580
24581
24591
24599
24616
24622
24638
24652
24666
24668
24678
24682
24686
24697
24698
24699
24705
24722
24725
24727
24728
24730
24732
24733
24737
24738
24756
24774
24775
24777
24781
24782
24787
24793
24798
24805
24813
24830
24833
24834
24844
24845
24853
24858
24862
24866
24868
24875
24881
24886
24888
24898
24902
24906
24909
24912
24915
24921
24923
24933
24936
24951
24957
24967
24988
24996
24998
25001
25003
25004
25024
25035
25040
25045
25053
25059
25061
25070
25087
25103
25113
25114
25131
25139
25152
25169
25185
25187
25189
25190
25199
25216
25220
25222
25232
25248
25254
25256
25257
25259
25261
25262
25268
25272
25273
25295
25298
25304
25311
25321
25330
25333
25340
25346
25353
25355
25358
25378
25384
25392
25402
25410
25430
25434
25446
25449
25454
25455
25456
25465
25471
25483
25485
25486
25501
25507
25510
25511
25541
25542
