941
2473
2573
3370
3451
3500
3505
3949
3963
4457
4766
5636
5766
5967
6124
6203
6695
7072
7273
7534
7887
8424
8550
8554
8709
9126
9152
9218
9777
9822
10028
10403
10741
11246
11296
11501
11531
11790
12414
13473
13513
13973
13983
14453
14590
14619
14654
14661
14722
14880
14989
15251
15283
15425
15530
15561
15632
15686
15802
16188
16202
16789
17052
17126
17829
17846
18023
18784
18891
19002
19079
19209
19371
19607
19640
19794
20148
20665
21640
21734
21855
21861
22379
22526
22601
23023
23196
23289
23593
23778
24044
24167
24369
24686
24697
25053
25152
25304
25449
25456
