408
423
594
618
941
1073
1114
1389
1682
1698
2114
2473
2486
2573
3370
3447
3451
3500
3505
3691
3949
3963
4047
4262
4456
4457
4583
4766
4906
5320
5549
5636
5686
5766
5884
5967
6124
6197
6203
6640
6695
6779
7072
7163
7273
7485
7530
7534
7887
7904
8198
8424
8550
8554
8709
9067
9126
9152
9218
9534
9777
9822
9954
9972
10028
10305
10403
10549
10741
10854
11040
11145
11204
11210
11246
11296
11501
11531
11631
11714
11790
12414
12419
12847
12968
13214
13473
13513
13615
13703
13804
13971
13973
13983
14374
14453
14590
14619
14635
14654
14661
14674
14722
14770
14880
14989
15001
15114
15228
15251
15283
15395
15418
15425
15530
15561
15591
15632
15686
15802
16050
16188
16202
16269
16789
16806
16963
17052
17126
17206
17829
17846
18023
18103
18550
18784
18891
18958
19002
19036
19075
19079
19109
19209
19227
19371
19562
19594
19607
19640
19705
19794
19825
20148
20476
20665
20988
21064
21071
21103
21189
21240
21640
21653
21734
21855
21861
22163
22379
22526
22546
22601
22697
22938
23023
23196
23289
23593
23775
23778
23925
24044
24167
24276
24295
24337
24369
24381
24428
24449
24599
24686
24697
24813
25053
25152
25304
25449
25454
25456
