26
49
51
65
74
120
126
163
210
215
220
230
240
258
313
357
408
423
454
465
491
501
520
526
559
571
573
594
618
720
747
758
796
905
919
937
941
1027
1073
1092
1114
1119
1122
1170
1201
1259
1302
1307
1347
1354
1378
1389
1410
1413
1588
1601
1619
1646
1682
1698
1703
1712
1844
1908
2030
2039
2073
2081
2083
2098
2109
2114
2130
2181
2195
2251
2275
2381
2473
2486
2541
2573
2586
2621
2625
2716
2745
2768
2776
2857
2878
2914
2931
2991
3011
3022
3029
3093
3118
3122
3235
3241
3259
3268
3301
3310
3351
3370
3403
3437
3447
3451
3483
3500
3502
3505
3566
3579
3585
3691
3705
3710
3747
3752
3763
3790
3854
3867
3892
3895
3926
3932
3949
3963
3976
4047
4089
4101
4102
4107
4149
4261
4262
4274
4302
4361
4431
4432
4456
4457
4480
4485
4487
4583
4586
4590
4599
4603
4604
4669
4676
4687
4692
4694
4707
4751
4766
4808
4830
4856
4894
4906
4911
4939
4954
4958
4982
5014
5038
5102
5182
5186
5192
5231
5264
5320
5386
5389
5447
5472
5486
5515
5517
5549
5569
5619
5636
5686
5760
5766
5801
5804
5827
5883
5884
5886
5887
5921
5967
5976
5985
5993
6012
6026
6124
6133
6141
6177
6197
6203
6221
6268
6277
6281
6361
6390
6397
6413
6446
6459
6480
6483
6493
6511
6525
6551
6623
6640
6642
6645
6646
6693
6695
6698
6722
6730
6770
6779
6785
6799
6828
6877
6884
6890
6925
6991
7072
7143
7163
7173
7204
7210
7272
7273
7311
7401
7420
7476
7485
7530
7534
7568
7627
7635
7641
7655
7666
7738
7756
7777
7780
7887
7904
7935
7986
8043
8044
8156
8192
8198
8236
8267
8279
8280
8296
8303
8337
8368
8373
8424
8441
8487
8550
8554
8567
8574
8615
8650
8680
8682
8709
8711
8731
8733
8781
8810
8868
8876
8895
8903
8911
8935
9067
9071
9083
9088
9126
9129
9152
9216
9218
9278
9300
9319
9321
9331
9389
9488
9534
9571
9579
9620
9683
9695
9716
9742
9744
9761
9777
9788
9797
9816
9822
9863
9910
9944
9945
9949
9954
9972
10028
10031
10049
10063
10193
10235
10270
10294
10305
10306
10321
10352
10358
10364
10376
10403
10440
10467
10498
10549
10556
10679
10691
10741
10765
10769
10795
10854
10877
10892
10900
10942
10969
10975
10984
10986
11012
11028
11040
11057
11098
11101
11119
11130
11137
11145
11164
11167
11204
11210
11233
11246
11296
11339
11354
11378
11415
11426
11430
11435
11449
11450
11498
11501
11525
11531
11552
11592
11599
11605
11631
11694
11714
11740
11741
11742
11747
11752
11759
11764
11767
11790
11813
11878
11901
11912
11919
12009
12035
12051
12053
12110
12130
12139
12153
12176
12190
12232
12266
12267
12270
12273
12275
12352
12357
12369
12401
12411
12414
12419
12426
12452
12544
12597
12603
12604
12609
12613
12709
12754
12760
12763
12805
12847
12920
12941
12961
12965
12968
12984
12996
13042
13100
13211
13214
13281
13297
13365
13473
13509
13513
13521
13522
13537
13548
13561
13597
13615
13650
13701
13703
13706
13712
13715
13804
13831
13850
13854
13869
13896
13952
13953
13961
13965
13971
13973
13983
13984
13989
14008
14013
14028
14044
14088
14096
14158
14164
14170
14234
14260
14336
14346
14372
14374
14388
14430
14453
14478
14511
14547
14590
14604
14617
14618
14619
14635
14654
14661
14663
14674
14722
14770
14825
14875
14880
14925
14966
14971
14974
14989
15001
15102
15114
15174
15228
15249
15251
15253
15272
15273
15283
15290
15315
15384
15395
15411
15418
15425
15490
15530
15550
15561
15568
15591
15595
15632
15677
15686
15703
15732
15734
15737
15799
15802
15868
15875
15914
15960
15977
16012
16019
16023
16031
16050
16139
16188
16202
16205
16217
16220
16269
16280
16292
16324
16342
16348
16360
16365
16400
16459
16481
16531
16685
16728
16731
16756
16789
16806
16807
16812
16843
16902
16929
16931
16944
16963
17045
17052
17069
17126
17144
17166
17169
17196
17200
17206
17214
17224
17239
17263
17264
17365
17428
17461
17465
17504
17529
17535
17542
17570
17581
17602
17682
17687
17720
17728
17763
17826
17829
17846
17883
17913
17955
17958
17964
17991
18023
18038
18055
18103
18130
18147
18151
18187
18206
18216
18229
18236
18255
18288
18305
18353
18480
18481
18538
18550
18576
18615
18682
18683
18690
18749
18750
18784
18843
18891
18949
18958
18965
18976
18984
18985
19002
19006
19012
19032
19036
19075
19079
19093
19095
19099
19103
19109
19183
19198
19201
19206
19209
19227
19371
19388
19394
19483
19495
19526
19562
19565
19580
19594
19606
19607
19626
19640
19641
19652
19656
19665
19705
19782
19794
19825
19844
19871
19914
19924
19955
20001
20020
20048
20070
20107
20117
20121
20143
20148
20165
20258
20263
20277
20335
20351
20357
20394
20450
20476
20485
20501
20513
20637
20665
20699
20718
20740
20830
20860
20896
20950
20988
21024
21054
21064
21071
21103
21107
21109
21120
21189
21240
21260
21266
21296
21301
21342
21463
21535
21537
21592
21620
21640
21649
21653
21714
21721
21734
21737
21743
21815
21822
21855
21861
21975
22078
22083
22112
22163
22187
22263
22284
22303
22311
22349
22379
22393
22396
22422
22452
22473
22488
22526
22546
22558
22572
22592
22601
22626
22648
22697
22721
22724
22741
22758
22761
22762
22782
22835
22842
22933
22938
22941
22950
22963
22995
22997
23022
23023
23042
23056
23146
23190
23196
23254
23257
23289
23331
23387
23418
23419
23423
23443
23462
23477
23478
23507
23515
23538
23542
23593
23595
23631
23663
23669
23730
23756
23761
23766
23775
23778
23796
23799
23812
23837
23878
23925
23929
23938
23978
24044
24065
24111
24117
24119
24167
24194
24213
24276
24290
24295
24310
24321
24337
24357
24369
24381
24390
24415
24428
24445
24449
24471
24591
24599
24638
24686
24697
24705
24727
24728
24732
24737
24775
24781
24782
24813
24830
24868
24875
24912
24921
24967
24996
25004
25040
25045
25053
25061
25152
25185
25190
25199
25256
25257
25261
25262
25304
25311
25346
25358
25446
25449
25454
25456
25501
